0
1230.3903
1328.07
1340.55068
1449.11236
1974.31662
2560.59
2648.01447
2757.8
2880.22008
3281.9
3294.84
3300.63559
3372.83899
4488.84
4508.01
4599.77
4609.34105
4617.93
4673.63
4688.84649
4710.74
4727.07
4800.13729
5230.23
5260.02
5893.26
6079.69
6141.13
6449.11
6513.99145
6556.46
6623.14
6690.58
6709.02119
6759.23908
7665.44
7686.07895
7707.27769
7732.79
7787.32
7805
7816.01
7853.28
7961.82
7994.39
8001.20409
8114.36288
8164.55403
8512.06
8556.59
8570.32289
8661.14909
8739.81449
9151.73
9639.86
9668.16
9741.62
9744.54
9835.17
12675.7
13033.3
13713.8

